csg562-003-01 25 44 75 32 111 34 149 46 175 46 219 30 249 12 273 38 337 36 377 30 411 44 451 36 493 56 555 40 601 28 635 54 711 36 751 20 779 28 813 32 849 30 883 38 931 14 953 32 989 54 1065 26 1093 30 1127 24 1153 24 1181 22 1227 30 1261 18 1287 32 1331 32 1359 36 1397 34 1439 28 1471 28 1501 26 1531 26 1559 34 1593 48 1637 12 1671 52 1739 34 1777 26 1807 22 1839 40 1883 20 1907 14 1941 34 1963 38 2007 20 2031 32 2065 32 
csg562-003-02 29 38 71 22 95 38 137 38 181 50 259 12 281 44 329 30 367 26 397 16 435 34 455 30 493 18 515 20 541 36 581 12 603 48 647 34 683 32 719 48 801 38 827 12 851 36 897 40 939 38 989 22 1015 34 1053 36 1093 16 1129 40 1173 28 1201 22 1229 28 1265 34 1301 42 1355 32 1395 52 1459 36 1505 16 1533 40 1581 56 1659 16 1681 36 1729 36 1751 40 1805 36 1851 38 1891 30 1933 38 1981 32 2017 24 2043 42 
csg562-003-03 29 34 67 56 133 42 177 54 239 36 279 38 319 34 359 64 421 18 459 34 473 24 501 30 535 42 579 34 615 16 641 44 687 38 727 30 757 36 819 40 863 42 907 16 927 42 973 32 1005 36 1045 38 1087 32 1123 66 1203 44 1243 38 1285 30 1307 28 1339 34 1375 36 1415 54 1467 48 1511 58 1587 36 1629 40 1669 34 1713 44 1761 20 1789 32 1807 42 1853 68 1963 36 2001 50 
csg562-003-04 34 16 54 20 76 34 116 32 152 50 222 42 268 38 310 34 332 36 366 34 402 44 446 40 486 72 578 22 600 42 646 34 666 22 692 44 738 36 782 44 832 20 856 36 896 44 944 26 974 36 1012 32 1048 54 1112 20 1134 48 1184 48 1236 22 1262 38 1298 38 1326 58 1394 10 1430 28 1458 48 1508 40 1550 28 1582 48 1640 28 1674 56 1730 30 1762 36 1796 36 1836 36 1876 40 1922 34 1964 34 2004 34 2044 34 2062 56 
csg562-003-05 41 54 99 36 147 44 193 16 217 32 253 18 275 40 317 28 347 38 389 54 481 36 517 22 541 42 581 38 637 40 671 50 723 24 751 38 773 40 817 46 871 30 905 34 943 28 963 54 1101 48 1149 38 1189 36 1229 34 1267 38 1307 44 1351 28 1383 34 1439 32 1477 34 1501 42 1537 40 1581 18 1605 48 1651 32 1687 22 1713 18 1733 26 1795 36 1821 30 1855 40 1901 62 1997 40 2043 58 
csg562-003-06 45 34 81 24 109 22 133 18 153 40 197 28 229 32 269 32 287 22 315 20 383 34 401 38 437 30 471 38 511 40 555 46 601 40 643 68 739 32 755 34 791 32 827 36 867 22 893 32 931 68 1031 42 1077 34 1117 34 1157 16 1185 20 1209 26 1239 38 1317 30 1345 14 1365 16 1385 22 1411 40 1453 66 1553 30 1571 40 1617 38 1657 68 1757 44 1807 40 1851 14 1873 62 1941 32 2005 40 2049 52 2095 70 
csg562-003-07 19 60 83 14 97 34 153 34 189 20 213 30 247 38 289 40 359 40 397 26 427 32 457 36 497 44 545 36 585 32 621 62 731 26 763 36 801 60 879 32 919 32 961 18 983 40 1019 34 1057 16 1077 34 1117 44 1169 46 1237 36 1273 42 1323 34 1397 32 1435 30 1469 30 1493 30 1525 34 1561 32 1597 46 1647 32 1683 28 1707 38 1741 24 1783 14 1803 16 1823 18 1845 20 1875 36 1915 34 1979 58 2041 50 
csg562-003-08 49 42 95 22 121 34 143 32 179 30 211 36 251 18 275 32 347 28 379 30 415 58 483 56 545 32 581 42 635 42 671 46 721 42 769 26 799 40 843 40 883 54 941 40 985 18 1037 44 1085 34 1133 20 1163 40 1209 34 1245 26 1267 42 1311 44 1361 16 1397 22 1425 36 1465 20 1493 36 1541 40 1589 26 1619 34 1643 42 1689 50 1755 40 1801 36 1837 32 1877 32 1897 24 1931 20 1961 34 1999 30 2031 62 
csg562-003-09 55 42 93 22 117 34 139 26 167 20 191 38 233 12 249 20 277 40 319 42 365 12 423 56 493 18 515 46 565 32 601 30 635 48 689 42 737 20 759 42 803 42 847 18 867 60 931 34 969 38 1023 36 1045 40 1089 16 1111 36 1151 18 1169 42 1209 34 1247 20 1269 22 1291 32 1339 62 1401 18 1425 18 1447 26 1477 30 1511 14 1523 44 1571 50 1651 34 1673 26 1705 30 1745 30 1775 40 1813 34 1849 30 1887 38 1927 30 1959 32 2025 32 2063 34 2103 44 
csg562-003-10 18 70 92 18 118 34 156 44 202 34 238 10 252 38 296 48 368 54 424 38 464 34 502 30 536 20 560 32 598 28 630 26 660 34 714 40 756 32 792 34 836 40 882 34 920 34 942 26 972 30 1008 20 1060 18 1084 60 1146 20 1168 44 1204 42 1246 42 1290 54 1340 42 1382 52 1464 34 1490 50 1548 32 1584 58 1646 38 1692 18 1712 42 1774 28 1784 130 1922 36 1960 68 2040 42 2086 20 
csg562-003-11 64 34 104 34 140 44 188 34 224 38 284 20 308 44 360 44 406 34 448 16 468 20 492 32 540 44 584 18 608 54 658 18 702 30 720 44 760 34 796 36 852 44 898 44 946 32 982 28 1014 24 1042 44 1084 60 1138 38 1180 48 1248 32 1284 38 1316 38 1348 34 1386 30 1420 36 1458 40 1498 16 1538 54 1596 34 1626 46 1676 48 1728 36 1802 44 1848 20 1874 34 1912 28 1944 42 1990 38 2030 40 2066 74 
csg562-003-12 66 34 98 34 136 32 172 36 208 28 240 40 302 40 346 38 376 48 418 76 500 32 530 42 574 36 610 38 662 24 748 64 826 44 872 40 920 34 954 30 988 46 1038 46 1118 40 1164 38 1208 32 1248 42 1290 22 1330 40 1374 34 1400 48 1436 48 1486 18 1508 38 1568 30 1590 36 1646 38 1690 32 1714 36 1760 42 1808 42 1852 28 1884 40 1928 22 1954 30 1988 40 2032 40 2072 40 
csg562-003-13 42 66 98 30 132 46 182 34 220 34 290 32 312 32 354 28 386 46 434 16 456 36 524 40 568 22 592 40 636 22 660 44 706 34 744 38 810 30 844 40 888 40 932 32 966 34 1004 40 1048 22 1074 48 1140 36 1158 26 1188 36 1228 16 1248 42 1294 34 1332 34 1370 32 1396 34 1434 36 1460 20 1512 42 1558 42 1612 44 1656 28 1684 44 1730 34 1774 32 1810 32 1842 40 1886 50 1936 44 1978 32 2034 34 2056 38 2098 32 
csg562-004-01 26 40 76 34 120 38 158 42 230 38 274 36 314 28 354 28 376 36 416 34 454 42 500 38 560 36 602 34 640 30 668 32 696 48 754 12 790 58 852 42 898 58 952 36 992 32 1014 44 1060 18 1120 60 1194 28 1214 38 1254 56 1320 62 1386 36 1418 36 1456 16 1482 30 1514 36 1600 56 1650 18 1668 34 1704 56 1792 28 1832 28 1854 42 1900 40 1956 14 1974 36 2014 36 2052 22 
csg562-004-02 40 48 98 52 154 30 188 28 222 38 264 36 302 64 370 36 410 18 452 26 474 36 520 30 552 38 594 12 620 16 642 22 668 26 692 40 734 36 772 26 802 28 828 20 872 30 896 42 942 38 980 36 1020 34 1060 18 1108 30 1142 32 1180 38 1230 32 1252 28 1284 40 1328 32 1370 30 1404 38 1444 66 1502 38 1542 50 1612 20 1642 40 1680 54 1738 30 1772 38 1818 20 1846 32 1898 20 
csg562-004-03 21 78 115 34 159 32 181 26 213 42 255 36 285 42 357 40 399 40 443 36 505 30 525 22 553 36 593 16 617 44 665 32 699 40 741 38 761 38 807 40 851 32 889 58 961 14 1003 54 1051 34 1089 58 1171 30 1199 26 1231 36 1275 14 1301 30 1335 44 1383 32 1415 34 1453 48 1535 30 1555 26 1587 22 1605 38 1647 46 1715 44 1763 36 1799 24 1827 34 1865 42 1911 34 1949 10 1973 32 2013 36 2049 44 
csg562-004-04 41 34 77 34 111 30 131 32 167 18 185 44 233 42 275 28 307 46 351 20 403 40 445 42 509 26 539 40 579 40 625 30 659 30 693 22 749 42 793 44 841 20 895 28 927 20 947 46 997 34 1039 42 1085 44 1131 44 1177 44 1221 30 1249 52 1305 22 1337 12 1359 38 1401 68 1507 64 1579 30 1601 28 1633 38 1675 52 1737 34 1777 36 1825 22 1859 32 1911 48 1963 42 2011 48 2065 24 
csg562-004-05 47 32 81 26 107 34 145 44 193 42 251 16 289 36 331 40 383 60 445 20 471 38 513 26 535 48 587 12 605 30 641 42 691 42 761 30 795 34 835 58 919 58 987 18 1009 36 1049 42 1095 44 1139 54 1213 44 1255 34 1273 54 1331 44 1377 22 1405 30 1433 34 1455 20 1481 60 1545 34 1589 68 1699 18 1725 34 1771 40 1815 14 1843 20 1867 38 1905 42 1949 32 1985 52 2033 48 2097 16 
csg562-004-06 28 78 100 32 136 50 212 32 226 38 268 40 312 16 338 32 374 40 418 32 450 16 464 36 504 50 584 54 640 40 674 42 718 34 756 34 794 30 828 30 856 32 892 40 936 42 1010 32 1026 38 1068 36 1108 32 1142 38 1188 58 1276 36 1322 18 1380 42 1424 36 1478 44 1526 34 1568 16 1592 42 1642 32 1678 50 1732 34 1754 32 1794 36 1834 44 1880 60 1984 30 2014 30 2056 68 
csg562-004-07 55 52 115 36 159 40 205 18 263 28 289 34 331 42 381 32 401 18 427 20 451 16 471 34 515 20 569 60 643 18 671 34 711 30 739 34 759 18 783 34 825 38 873 44 941 28 965 36 1007 18 1027 44 1071 58 1139 32 1169 40 1209 42 1259 20 1305 36 1343 32 1385 30 1419 40 1455 34 1493 16 1513 36 1535 20 1581 38 1629 28 1663 40 1719 32 1743 14 1771 36 1809 56 1869 38 1913 28 1943 34 1977 36 2031 34 2061 32 
csg562-004-08 48 28 78 32 100 42 152 34 226 38 270 38 310 30 344 62 412 32 448 42 492 16 514 30 548 44 602 18 628 36 676 40 720 38 750 42 796 44 844 38 888 32 936 40 978 32 1002 28 1032 32 1068 40 1118 44 1166 34 1200 42 1250 40 1266 20 1332 22 1364 44 1418 34 1456 34 1494 30 1530 30 1566 32 1624 36 1646 42 1690 32 1728 26 1758 44 1802 52 1858 36 1898 38 1940 14 1960 18 2010 32 2034 34 2078 32 
csg562-004-09 41 30 65 20 91 40 139 34 177 34 215 66 317 42 361 22 379 48 431 44 481 30 515 36 547 38 589 34 627 26 657 62 725 20 823 76 911 36 941 46 991 36 1065 48 1113 40 1153 58 1243 36 1261 44 1309 30 1343 40 1385 14 1407 34 1465 14 1489 44 1537 36 1565 32 1595 28 1631 36 1669 70 1763 30 1805 36 1837 34 1867 18 1895 40 1937 20 1963 20 1989 30 2037 16 
csg562-004-10 9 54 71 14 95 36 169 38 213 32 255 30 289 30 321 32 363 42 409 38 455 44 541 40 587 30 611 40 655 40 693 28 725 14 749 32 789 16 837 40 883 38 929 60 1021 38 1065 14 1083 40 1127 30 1153 48 1199 38 1243 20 1267 40 1325 20 1359 56 1425 16 1445 36 1489 28 1521 40 1557 16 1577 58 1639 26 1667 42 1719 16 1781 68 1861 54 1929 32 1951 36 1999 42 2049 28 2081 48 
csg562-004-11 32 42 78 20 126 20 152 42 202 34 226 38 274 28 306 38 348 26 376 32 414 30 448 26 480 34 540 32 580 28 614 34 652 20 676 16 694 40 750 42 798 18 814 36 856 28 890 38 928 32 964 46 1028 46 1080 26 1110 36 1134 18 1160 44 1208 34 1246 28 1276 26 1308 44 1358 34 1382 20 1438 40 1482 42 1518 34 1570 46 1618 20 1640 36 1674 34 1712 48 1762 28 1790 40 1834 58 1930 60 1998 46 2042 28 2068 30 2098 52 
csg562-004-12 25 54 89 28 121 34 159 28 191 20 215 22 243 38 265 12 317 38 359 58 421 32 457 34 491 42 523 48 573 38 615 52 679 52 727 36 775 28 809 58 873 46 925 14 953 30 991 44 1037 36 1065 18 1133 42 1177 14 1191 46 1241 32 1277 42 1321 24 1349 46 1433 40 1477 42 1523 22 1555 42 1601 30 1635 36 1675 36 1699 22 1729 34 
csg562-004-13 185 32 237 54 323 44 387 48 443 24 483 28 601 48 665 34 717 26 767 42 821 30 863 36 919 40 979 28 1029 58 1145 34 1191 32 1235 38 1285 36 1333 18 1375 30 1425 20 1463 28 1573 36 1633 28 1675 48 1727 38 1779 28 1819 34 1913 28 1955 34 
csg562-004-14 52 18 74 38 110 64 184 32 216 46 260 44 306 44 354 34 422 30 456 36 494 36 530 44 570 44 616 42 660 24 686 18 708 28 734 34 772 66 874 26 902 44 948 40 992 18 1020 32 1054 40 1100 32 1142 32 1178 36 1210 32 1234 30 1268 40 1310 40 1352 22 1410 38 1456 34 1494 44 1554 34 1578 32 1614 28 1646 36 1686 14 1708 34 1746 42 1792 30 1826 66 1902 14 
csg562-004-15 52 38 88 52 154 40 196 22 222 42 270 24 298 22 324 24 350 28 380 60 472 34 510 64 574 42 618 20 646 32 684 40 730 34 778 44 820 34 860 48 912 36 970 34 1004 42 1048 34 1092 32 1128 32 1160 40 1190 62 1278 36 1318 30 1352 22 1378 12 1400 34 1438 34 1474 14 1492 36 1514 20 1566 32 1600 38 1642 46 1692 30 1724 32 1760 64 1864 32 1888 36 1928 40 1972 70 
csg562-004-16 28 62 94 28 126 18 150 24 178 34 216 32 252 60 314 18 362 56 430 44 478 44 528 44 576 38 618 32 676 42 722 48 770 66 876 30 900 28 932 38 972 38 1018 34 1056 40 1094 58 1154 40 1196 54 1262 18 1326 44 1376 34 1414 44 1462 32 1484 20 1512 18 1534 24 1562 38 1626 36 1646 44 1694 34 1776 28 1796 46 1846 24 1874 46 1948 28 1976 44 2022 62 
csg562-004-17 54 32 86 32 122 20 148 32 184 36 224 36 248 18 288 42 330 44 378 32 414 34 452 42 494 66 582 48 628 42 674 18 700 58 764 32 802 32 846 16 866 38 910 34 948 54 1034 30 1062 30 1096 32 1132 38 1174 36 1212 50 1280 42 1326 32 1358 30 1388 34 1426 42 1472 44 1518 30 1552 38 1574 40 1626 42 1690 14 1726 42 1770 46 1828 30 1854 34 1898 36 1938 70 1996 72 
csg562-004-18 45 36 87 36 123 32 169 38 217 12 237 42 285 42 331 36 373 34 411 36 451 44 495 66 601 54 669 36 711 40 755 32 787 46 833 20 863 32 901 38 943 42 983 70 1091 42 1137 36 1177 22 1203 30 1231 38 1273 42 1317 22 1341 40 1385 46 1439 14 1477 54 1539 32 1575 42 1621 30 1653 20 1681 30 1731 48 1779 46 1815 40 1857 30 1889 38 1929 32 1965 70 
csg562-004-19 37 30 79 36 121 30 155 34 191 32 265 30 295 30 333 58 409 38 455 38 491 32 537 32 569 40 615 34 653 38 695 36 735 40 797 12 819 82 913 30 941 32 973 30 1007 44 1057 42 1105 30 1139 44 1187 30 1221 26 1251 34 1307 18 1325 46 1375 20 1399 36 1439 40 1481 48 1555 42 1601 40 1645 38 1691 26 1731 58 1805 14 1845 36 1887 36 1921 38 1963 30 1997 30 2031 40 2073 44 2121 42 
csg562-004-20 40 32 78 40 122 26 152 38 194 40 224 42 270 40 316 42 364 14 382 40 424 66 500 16 544 58 616 24 642 42 692 42 736 40 808 46 858 40 898 42 938 34 976 18 998 26 1028 16 1048 36 1088 36 1136 56 1196 30 1214 40 1256 42 1304 32 1342 34 1378 38 1414 62 1466 42 1508 40 1552 48 1598 46 1648 44 1712 20 
csg562-004-21 -67 84 35 38 73 58 143 38 179 40 229 44 313 44 361 12 379 46 447 42 489 18 543 46 593 38 639 34 661 18 679 48 731 24 763 32 803 28 835 40 879 34 915 36 949 72 1047 34 1083 24 1101 46 1151 40 1195 58 1305 30 1339 34 1377 60 1449 32 1473 38 1515 18 1539 32 1591 40 1641 32 1677 48 1735 50 1789 28 1821 42 1867 24 1897 32 1931 30 1953 32 1989 90 
csg562-004-22 19 36 53 32 83 42 123 48 173 44 217 32 253 42 331 34 369 42 411 64 495 42 535 32 561 52 667 46 719 36 769 18 791 42 841 32 863 46 895 48 969 40 1003 42 1049 18 1071 22 1097 14 1115 38 1157 36 1217 34 1255 30 1289 30 1309 16 1337 40 1383 30 1417 38 1459 62 1525 20 1573 40 1625 32 1659 26 1717 28 1749 18 1773 32 1821 34 1859 26 1889 28 1919 22 1947 34 1983 38 2025 12 2041 34 
csg562-004-23 18 40 64 44 108 42 154 34 192 46 242 34 278 30 306 38 362 38 404 24 432 16 452 28 484 34 528 32 560 34 598 66 670 64 738 22 752 58 814 38 844 48 890 46 934 62 1002 20 1050 36 1074 42 1140 40 1182 34 1220 44 1254 36 1318 36 1344 40 1394 34 1438 40 1486 32 1524 44 1576 48 1622 26 1652 44 1724 36 1766 64 1834 44 1884 14 1902 66 1972 44 2014 40 2058 52 
csg562-004-24 27 38 53 34 89 34 153 40 189 44 229 46 279 32 313 50 381 46 433 52 487 34 525 32 559 60 647 38 691 38 715 42 759 38 811 32 853 24 881 28 911 38 953 34 991 44 1033 64 1121 14 1175 104 1289 44 1343 50 1377 42 1421 36 1459 30 1521 36 1563 20 1587 52 1651 44 1697 16 1743 42 1787 32 1821 32 1845 38 1891 36 1931 46 1981 42 2023 30 2055 42 2105 14 
csg562-005-01 14 106 98 34 140 16 184 38 230 34 252 44 318 36 358 32 394 14 416 18 438 46 486 44 530 24 556 62 626 42 670 38 700 20 750 38 792 44 856 34 876 30 910 30 944 36 984 42 1034 44 1082 40 1126 66 1232 36 1270 32 1306 34 1344 40 1388 48 1440 36 1478 20 1502 14 1528 30 1554 46 1600 62 1712 16 1736 40 1780 32 1812 34 1838 20 1866 34 1906 42 1960 40 2004 66 
csg562-005-02 53 40 93 44 143 62 245 32 265 32 299 38 341 32 389 36 429 32 465 26 495 72 571 38 613 50 671 18 725 36 769 32 807 42 865 42 913 32 947 34 991 34 1027 58 1089 40 1131 36 1207 48 1261 22 1285 18 1313 36 1353 36 1393 34 1433 38 1481 46 1529 60 1595 44 1643 24 1671 30 1705 32 1741 28 1773 30 1837 46 1887 16 1917 38 1959 30 1993 38 2035 20 2057 38 2099 46 2135 20 
csg562-005-03 39 44 87 34 125 36 155 40 201 42 247 30 281 52 361 44 411 38 439 46 491 36 531 38 571 38 613 44 661 16 689 34 719 48 753 54 811 36 851 38 893 32 929 36 987 36 1007 20 1031 66 1105 40 1155 40 1221 48 1269 18 1295 42 1339 26 1365 52 1419 26 1477 68 1541 48 1585 52 1645 48 1695 44 1741 38 1783 20 1823 14 1875 72 1959 50 2011 22 2033 46 2081 38 
csg562-005-04 44 38 90 38 136 28 164 32 200 38 240 28 272 18 294 38 336 50 390 24 456 46 502 32 536 52 612 22 638 34 670 50 746 40 790 32 822 40 866 44 912 42 958 44 1006 38 1048 46 1100 42 1154 52 1210 28 1242 42 1310 14 1390 58 1476 18 1514 38 1556 36 1596 44 1646 30 1680 42 1722 64 1820 58 1876 42 1922 24 1948 32 1980 44 2024 40 2066 56 2122 16 
csg562-005-05 53 68 119 52 175 46 225 68 325 44 349 42 393 44 433 46 477 26 539 52 591 42 637 36 659 20 687 54 745 34 783 40 809 40 853 44 899 20 961 40 1005 38 1047 40 1075 42 1119 42 1191 38 1237 34 1275 38 1317 34 1355 66 1425 20 1485 40 1509 32 1545 38 1585 40 1615 40 1655 44 1703 42 1783 40 1831 42 1877 20 1909 68 1973 42 2019 70 2089 18 
csg562-005-06 13 82 79 36 121 50 173 44 219 38 259 66 369 48 425 40 473 44 495 36 541 28 571 36 641 44 689 36 715 42 761 52 847 54 899 34 935 28 967 24 995 40 1041 54 1095 26 1121 42 1189 44 1235 34 1273 20 1297 16 1323 42 1369 30 1403 40 1461 10 1503 46 1553 48 1607 44 1653 22 1679 36 1717 20 1739 52 1795 40 1839 36 1889 60 1951 36 1973 46 2017 54 2071 44 2097 54 
csg562-005-07 43 36 81 40 131 50 185 40 217 46 265 24 291 42 335 42 383 42 427 40 501 16 579 58 633 40 677 34 715 34 753 36 789 18 813 34 881 36 919 42 965 20 987 72 1095 38 1139 34 1183 34 1243 34 1275 38 1317 48 1367 38 1391 18 1419 20 1443 20 1469 40 1521 12 1569 70 1647 60 1705 34 1743 40 1803 44 1853 40 1895 36 1935 68 2007 20 2029 68 
csg562-005-08 33 30 63 40 105 66 173 42 219 20 243 44 283 38 325 52 387 12 425 64 503 50 553 40 581 44 631 44 707 36 721 42 765 20 789 46 839 32 875 22 921 46 973 34 1009 34 1051 36 1075 44 1125 20 1151 38 1187 36 1227 44 1273 48 1349 14 1381 44 1415 54 1465 38 1503 40 1551 16 1593 44 1645 32 1667 50 1721 14 1745 36 1795 42 1849 32 1885 48 1949 36 1969 44 2017 38 2059 36 2079 18 
csg562-005-09 37 32 75 42 121 20 169 30 201 38 243 38 295 32 311 38 353 42 399 38 427 20 445 60 519 18 559 66 631 42 679 32 713 32 745 36 785 50 839 40 877 44 945 36 985 44 1033 30 1063 26 1091 34 1127 46 1179 50 1233 12 1273 36 1317 34 1355 38 1397 34 1435 66 1505 38 1547 66 1645 42 1693 40 1741 44 1789 36 1855 40 1903 36 1947 38 1971 36 1997 50 2051 42 2103 36 
csg562-005-10 40 44 84 18 108 34 142 30 176 30 210 42 252 56 346 26 378 42 424 60 498 32 520 40 564 20 592 32 648 20 674 48 726 36 766 36 788 42 832 40 880 28 912 44 978 10 1030 42 1082 46 1138 40 1186 36 1222 40 1270 36 1310 40 1354 38 1400 46 1450 46 1524 50 1572 44 1620 40 1682 20 1706 38 1750 34 1788 46 1832 72 1948 58 2016 40 2060 46 2104 14 2124 38 
csg562-005-11 42 38 78 48 132 20 158 22 188 42 236 40 282 28 314 32 348 42 394 34 444 38 466 34 504 46 554 38 594 36 634 68 712 16 768 30 798 36 838 24 862 22 888 42 934 22 960 34 1020 36 1060 52 1114 32 1160 18 1182 36 1232 20 1260 40 1304 36 1342 18 1354 50 1408 44 1460 40 1504 62 1574 12 1620 30 1638 32 1666 46 1728 14 1746 32 1780 66 1886 34 1930 62 1996 40 2044 34 
csg562-005-12 15 72 77 40 121 32 155 48 219 30 253 32 291 42 349 20 373 34 411 40 459 38 481 38 521 70 601 10 649 40 695 40 739 18 787 38 829 42 875 22 889 50 943 38 1027 20 1051 40 1095 48 1141 38 1195 34 1237 20 1265 38 1309 64 1407 36 1447 36 1491 32 1519 44 1565 36 1601 40 1637 52 1689 44 1737 56 1825 10 1861 40 1911 34 1949 22 2007 32 2047 32 2065 46 
csg562-005-13 12 72 88 32 126 40 168 18 194 36 236 68 350 22 378 44 434 34 476 34 514 48 568 36 610 42 650 38 688 64 792 34 836 36 868 40 896 48 948 16 996 40 1046 60 1106 42 1150 22 1202 36 1244 44 1294 38 1338 38 1364 32 1396 38 1432 28 1464 20 1510 32 1542 38 1584 48 1648 38 1674 32 1710 40 1754 34 1796 36 1836 50 1890 30 1924 38 1958 38 1986 16 2014 58 2074 36 2114 40 
csg562-005-14 52 32 70 14 90 40 132 38 182 28 216 38 264 20 288 40 334 40 398 20 420 46 474 42 524 32 568 24 596 36 642 40 688 44 748 32 784 36 826 62 896 64 964 34 1006 44 1058 30 1092 36 1132 38 1174 44 1222 38 1296 34 1324 34 1362 28 1394 36 1434 36 1474 40 1520 44 1568 46 1632 14 1664 46 1716 16 1736 30 1770 12 1786 34 1806 40 1850 42 1898 44 1972 20 2004 28 2044 22 
csg562-005-15 44 28 78 32 114 48 170 40 218 28 250 34 288 38 306 40 348 52 404 28 436 18 460 38 506 50 560 34 580 20 626 58 696 18 722 40 772 32 790 42 834 70 930 18 952 34 992 28 1018 52 1066 68 1170 38 1200 48 1258 32 1286 36 1326 22 1350 32 1386 50 1440 36 1478 18 1502 34 1544 38 1586 36 1608 20 1670 58 1736 34 1774 32 1806 26 1834 22 1886 46 1938 36 1982 44 2036 34 2058 32 
csg562-005-16 42 18 64 40 106 70 208 44 258 24 276 50 326 42 372 44 422 34 460 38 502 50 578 34 620 34 658 38 684 50 738 40 782 42 834 44 880 18 904 34 946 44 994 44 1042 60 1110 20 1156 34 1180 30 1212 40 1270 62 1330 18 1350 40 1394 60 1490 40 1518 38 1546 40 1586 42 1638 30 1672 34 1712 32 1754 36 1794 42 1840 70 1924 10 1950 46 2002 58 2064 32 
csg562-005-17 38 32 74 42 148 42 196 18 218 32 240 34 280 46 348 16 366 40 408 42 458 42 500 34 538 38 580 16 602 20 626 14 648 34 700 48 750 44 802 20 828 38 874 34 894 34 932 38 990 32 1022 36 1064 46 1124 38 1164 22 1190 38 1236 46 1284 36 1324 42 1370 38 1412 50 1466 46 1526 12 1602 80 1684 54 1750 62 1818 36 1858 42 1908 24 1936 34 1974 12 1992 44 2038 32 2058 40 2102 20 
csg562-005-18 34 42 78 26 108 32 144 34 182 22 208 20 232 34 272 38 314 42 358 24 384 52 444 32 474 32 508 24 536 38 576 42 618 38 658 22 692 18 730 58 780 42 822 44 872 36 908 36 948 66 1048 30 1082 36 1124 60 1194 48 1248 42 1294 44 1346 36 1386 42 1422 20 1446 36 1488 44 1538 12 1564 32 1610 50 1664 36 1704 34 1738 64 1852 32 1888 40 1940 40 1990 40 2032 52 
csg562-005-19 37 34 79 18 105 40 163 32 193 38 235 46 285 36 323 72 425 48 479 46 531 32 567 46 617 36 657 14 697 40 725 42 767 46 817 50 875 10 901 42 951 46 1015 32 1053 62 1119 50 1197 36 1223 38 1259 50 1331 42 1383 46 1433 16 1455 36 1503 36 1525 36 1565 60 1653 20 1679 34 1719 22 1755 36 1795 68 1907 42 1953 36 1991 52 
csg562-005-20 31 38 75 38 119 16 137 22 163 22 227 32 259 38 301 48 353 34 387 40 415 46 463 50 511 42 555 40 595 38 633 42 677 56 743 16 807 62 873 30 901 38 945 60 1009 48 1081 26 1107 50 1153 42 1201 28 1233 30 1267 14 1289 34 1335 46 1383 34 1421 38 1465 36 1505 38 1531 20 1555 24 1587 44 1639 16 1685 62 1755 34 1795 46 1845 40 1887 38 1917 40 1961 16 1987 34 2015 46 2065 48 
csg562-005-21 34 40 82 26 112 32 148 36 188 48 270 38 310 34 348 38 392 26 422 32 462 28 498 66 624 40 670 32 712 26 736 46 782 48 834 44 876 34 914 42 960 20 984 40 1056 40 1098 38 1148 40 1192 40 1238 34 1276 32 1308 34 1342 34 1368 54 1422 48 1508 38 1532 38 1574 38 1604 32 1638 20 1664 44 1716 30 1750 34 1788 36 1828 46 1872 54 1958 24 
csg562-005-22 34 32 86 54 162 54 210 32 266 20 366 46 436 48 494 28 544 24 644 60 702 48 766 66 862 54 898 30 950 40 1004 22 1036 56 1162 28 1210 30 1254 52 1332 58 1400 44 1456 36 1512 24 1552 46 1604 16 1642 28 1686 64 1782 30 1824 28 1858 60 
csg562-005-23 20 38 66 34 102 48 168 18 192 38 246 52 310 32 346 18 368 14 390 34 428 36 488 40 534 36 572 34 616 32 636 20 664 30 696 36 734 34 772 60 860 44 904 18 926 36 948 26 972 22 1006 36 1050 24 1074 14 1094 36 1134 46 1186 16 1234 34 1258 16 1280 44 1326 48 1378 40 1420 20 1444 40 1486 36 1526 16 1552 34 1612 36 1658 32 1684 40 1718 42 1760 20 1812 34 1850 38 
csg562-005-24 53 22 79 36 119 56 187 34 223 32 259 44 307 22 367 34 387 28 419 26 449 18 465 44 513 40 581 56 643 18 663 34 687 46 735 38 775 36 817 18 835 22 863 36 919 32 943 34 981 34 1017 38 1063 36 1107 30 1141 38 1181 36 1221 14 1247 28 1287 36 1333 32 1393 26 1423 36 1465 58 1537 40 1585 32 1619 34 1659 32 1687 40 1727 42 1761 48 1813 16 1863 36 1907 34 1943 46 2003 38 2043 36 2083 24 2109 30 2143 36 
csg562-006-01 27 34 67 28 105 30 143 42 191 20 217 44 299 36 337 44 387 16 411 20 433 20 455 40 503 42 579 36 625 32 659 28 709 50 767 28 803 40 851 54 913 38 957 44 1007 20 1033 36 1077 50 1153 42 1201 14 1227 30 1259 34 1277 46 1329 62 1399 38 1441 42 1481 20 1539 42 1589 40 1629 34 1679 40 1729 16 1753 44 1813 34 1853 12 1873 38 1917 38 1983 14 
csg562-006-02 33 68 123 50 181 36 227 46 271 38 319 28 351 40 387 46 437 42 485 50 555 40 601 32 655 34 699 64 773 16 809 36 853 44 903 34 999 30 1033 32 1077 20 1103 40 1147 34 1187 36 1231 34 1273 38 1315 46 1385 42 1435 32 1471 40 1517 40 1569 30 1599 42 1639 22 1673 32 1703 18 1749 92 1849 52 1907 34 1943 38 2017 38 2061 48 
csg562-006-03 36 54 98 32 142 28 178 32 220 42 270 28 302 38 348 22 376 34 414 38 460 36 512 36 552 32 582 46 660 34 686 20 714 12 734 18 762 42 808 34 870 32 914 16 942 16 966 48 1020 14 1052 34 1094 36 1132 34 1160 38 1198 20 1226 20 1288 44 1342 32 1380 38 1428 38 1472 36 1534 30 1560 16 1572 50 1626 20 1660 32 1704 34 1740 42 1780 32 1814 20 1852 10 1896 40 1942 42 1990 16 2036 34 2072 34 
csg562-006-04 36 58 98 30 134 56 200 40 246 34 288 38 330 44 424 36 468 38 512 50 560 58 624 36 670 46 724 44 772 18 798 38 846 40 896 18 926 32 964 42 1016 38 1072 40 1118 24 1138 50 1200 42 1244 42 1296 34 1336 40 1374 58 1448 12 1488 46 1542 50 1600 36 1638 44 1688 70 1804 40 1826 36 1860 50 1920 38 2008 44 2064 50 
csg562-006-05 58 40 106 16 132 38 176 60 246 8 290 66 368 38 416 38 456 30 492 28 524 42 568 72 676 26 706 20 732 38 778 34 846 36 868 42 920 32 956 28 986 34 1014 44 1048 52 1104 32 1134 66 1244 34 1266 38 1312 64 1384 80 1446 52 1540 28 1576 36 1618 74 1708 46 1762 30 1792 46 1844 30 1882 28 1918 20 1952 36 1996 46 2058 46 
csg562-006-06 21 56 89 30 127 42 179 36 223 36 253 26 289 30 327 38 371 64 465 12 521 98 617 42 667 28 699 68 809 34 847 34 885 70 987 42 1027 44 1063 54 1119 28 1151 52 1219 38 1243 32 1285 32 1341 18 1367 42 1419 28 1451 38 1495 30 1533 38 1575 46 1619 40 1665 68 1735 10 1789 28 1821 36 1865 48 1931 32 1967 36 2011 38 2063 28 2099 32 
csg562-006-07 47 32 85 16 107 38 149 42 189 44 237 38 279 64 387 42 435 32 477 18 497 22 521 44 573 30 609 48 659 56 721 40 763 52 837 36 879 62 949 42 1001 22 1025 36 1067 52 1125 22 1155 34 1199 42 1253 36 1281 10 1331 60 1401 42 1449 34 1491 46 1543 44 1597 32 1635 40 1673 20 1701 40 1751 34 1811 28 1841 30 1865 52 1919 26 1947 38 1981 20 2013 60 2083 42 
csg562-006-08 43 30 79 28 113 40 169 18 195 36 225 46 279 26 313 38 367 28 401 32 445 40 489 42 541 32 579 20 605 34 673 34 703 40 749 34 793 32 831 38 873 62 931 42 977 52 1045 10 1107 60 1175 30 1209 46 1265 20 1287 30 1317 20 1351 34 1415 26 1445 20 1469 40 1519 36 1577 30 1619 34 1657 42 1705 26 1733 68 1811 40 1861 28 1893 44 1927 44 1977 44 2029 42 2071 8 
csg562-006-09 39 24 69 32 107 34 149 32 181 34 221 38 297 32 341 38 387 14 413 36 455 30 485 56 551 32 593 42 639 14 697 16 721 40 769 16 787 18 813 28 845 20 845 56 899 52 955 10 1011 38 1039 44 1119 42 1169 20 1195 38 1227 50 1267 48 1317 40 1361 38 1407 30 1441 68 1557 42 1603 36 1643 30 1687 60 1753 22 1785 34 1811 20 1835 54 1931 12 
csg562-006-10 14 72 100 30 136 42 200 32 240 42 288 34 330 42 380 44 430 20 464 28 502 18 528 18 556 42 604 18 630 36 678 40 726 36 766 20 790 46 874 42 916 30 940 40 986 20 1020 28 1048 8 1126 36 1170 20 1200 42 1246 32 1284 44 1336 32 1388 30 1424 34 1460 64 1552 38 1592 22 1618 36 1662 22 1706 46 1756 22 1820 28 1848 34 1890 42 1938 32 1962 20 1992 20 2010 20 2044 18 2068 30 
csg562-006-11 67 30 105 30 145 28 179 44 227 24 253 36 295 40 351 10 403 32 417 32 449 20 475 64 545 34 591 20 615 32 685 58 743 46 793 16 811 20 837 32 869 20 893 32 933 42 1003 26 1031 30 1069 42 1117 26 1149 20 1175 24 1203 48 1243 48 1289 48 1357 10 1411 62 1479 28 1515 36 1553 36 1591 34 1621 76 1717 30 1739 26 1769 34 1811 42 1859 26 1889 42 1927 46 1971 24 2001 44 2053 34 
csg562-006-12 43 30 67 42 115 34 153 28 187 38 227 14 253 32 303 44 349 38 391 56 453 38 497 38 545 26 575 38 653 42 705 32 741 38 785 34 823 38 867 34 1013 66 1101 34 1139 36 1179 36 1219 34 1253 38 1285 50 1339 36 1379 52 1461 28 1495 42 1543 22 1565 72 1655 12 1683 44 1735 36 1781 32 1805 22 1843 40 1887 36 1935 22 1965 26 1995 36 2021 44 2061 20 2087 36 
csg562-006-13 44 28 76 34 116 44 168 28 204 34 248 32 290 20 314 42 364 16 390 34 454 38 494 28 516 44 568 20 594 44 644 42 716 18 740 42 792 30 818 38 864 44 922 36 946 30 984 36 1026 26 1056 22 1080 42 1130 64 1228 40 1276 26 1286 54 1344 40 1390 20 1450 38 1490 34 1518 32 1540 36 1582 66 1656 32 1692 38 1732 64 1796 38 1840 54 1896 10 1938 44 1982 20 1990 52 2048 40 2096 16 
csg562-006-14 13 70 73 40 117 32 159 32 181 36 221 40 275 10 323 36 365 32 403 36 447 34 487 40 527 42 603 32 627 36 671 32 713 42 757 34 779 40 823 32 853 46 893 32 959 36 1003 20 1033 22 1057 32 1093 32 1123 28 1157 26 1187 42 1231 62 1313 8 1401 98 1469 44 1519 32 1579 44 1627 22 1651 60 1717 34 1757 34 1797 34 1865 22 1885 32 1923 34 1963 32 2003 38 2027 38 2067 38 2113 30 2135 16 
csg562-006-15 38 22 68 40 118 42 164 20 194 42 242 20 258 36 298 68 404 26 434 30 470 40 512 40 556 30 576 44 646 38 692 14 712 36 752 36 796 60 886 40 930 18 988 26 1018 30 1056 32 1090 40 1138 20 1156 48 1224 32 1256 40 1298 40 1346 30 1380 44 1424 44 1478 12 1578 72 1656 60 1728 42 1780 30 1814 34 1838 44 1902 64 1972 38 2018 20 2032 44 2064 40 2108 34 
csg562-006-16 45 20 67 42 115 16 137 34 173 36 213 20 233 30 269 34 321 40 367 38 407 30 443 38 503 22 533 20 557 20 577 20 641 52 697 40 743 22 769 28 805 16 825 38 869 30 897 48 937 42 1005 34 1057 10 1113 42 1153 44 1211 30 1231 32 1263 32 1299 22 1325 40 1371 36 1413 34 1449 36 1477 44 1549 36 1571 28 1595 38 1637 34 1709 24 1737 32 1771 46 1821 46 1875 28 1905 36 1947 32 1963 38 1995 38 2037 20 2061 34 
csg562-006-17 45 36 87 14 109 34 167 26 193 20 219 36 261 30 305 50 361 28 393 34 409 40 443 44 481 42 525 42 571 50 631 8 709 38 745 36 787 42 841 30 865 16 889 20 905 20 933 38 1019 30 1055 34 1095 60 1177 40 1221 28 1241 44 1293 40 1369 20 1393 42 1441 14 1457 42 1503 32 1555 10 1603 38 1645 38 1705 26 1735 34 1771 64 1869 40 1913 24 1927 44 1975 44 2029 38 
csg562-006-18 44 34 62 34 104 36 176 42 224 28 258 22 286 36 324 36 366 32 400 34 436 38 480 56 544 8 576 52 638 14 660 30 682 20 696 50 780 20 804 28 816 50 864 42 902 42 948 38 990 36 1024 20 1054 30 1092 34 1138 34 1162 38 1202 32 1240 34 1290 32 1322 38 1362 60 1446 30 1480 36 1508 74 1540 46 1624 46 1672 48 1726 34 1748 28 1780 58 1884 42 1928 22 1950 40 1994 38 2032 76 2118 10 
csg562-006-19 23 54 85 30 119 40 169 32 209 42 253 34 287 22 311 34 347 46 397 32 451 26 479 20 513 8 553 46 603 38 653 40 699 26 729 20 755 44 801 30 837 30 869 42 919 32 959 14 981 42 1031 18 1053 20 1077 24 1103 32 1171 44 1217 26 1241 40 1289 46 1343 32 1407 30 1439 34 1477 44 1533 30 1557 18 1581 28 1591 44 1635 34 1673 38 1711 62 1805 10 
csg562-006-20 25 58 91 20 91 40 137 38 241 24 269 36 321 32 353 44 401 34 443 28 473 20 495 22 521 30 571 20 593 42 645 26 665 18 691 40 731 20 757 34 795 36 843 42 889 28 921 40 969 20 993 40 1025 46 1071 44 1121 36 1149 8 1213 20 1229 44 1275 32 1311 46 1377 32 1415 32 1451 62 1529 34 1555 40 1601 16 1621 28 1677 36 1709 46 1751 50 1807 38 1845 34 1881 28 1913 30 1935 40 1979 34 2017 8 2037 44 2085 46 
csg562-006-21 47 22 75 32 113 32 147 38 185 36 225 20 251 36 291 62 389 34 427 26 447 46 499 30 533 62 617 38 663 30 697 28 739 42 787 28 815 46 869 20 891 44 967 10 997 98 1107 36 1153 32 1195 50 1271 36 1315 42 1365 26 1397 60 1495 28 1527 36 1569 58 1643 40 1687 18 1707 18 1737 38 1777 34 1813 34 1849 40 1893 34 1929 30 1981 44 2031 26 2061 60 
csg562-006-22 38 38 86 32 122 38 166 38 242 50 304 32 338 40 362 44 410 36 452 56 506 38 548 50 606 8 652 32 690 30 722 42 758 38 802 36 846 20 870 36 942 38 984 34 1034 14 1056 20 1074 20 1102 20 1130 34 1172 34 1224 34 1246 32 1282 32 1298 40 1334 42 1378 20 1402 32 1468 40 1512 38 1554 34 1594 28 1632 28 1668 28 1710 42 1758 38 1802 32 1842 30 1870 48 1912 42 1952 40 2000 66 
csg562-006-23 25 48 77 34 117 28 133 32 169 22 189 36 231 32 251 16 273 32 311 32 347 44 393 60 487 42 529 24 549 48 603 24 633 56 719 36 767 24 797 46 857 46 905 32 941 38 987 16 1009 42 1051 36 1117 40 1163 30 1199 30 1233 36 1275 18 1301 28 1331 32 1355 64 1427 12 1503 90 1599 44 1645 44 1691 36 1737 32 1775 64 1891 28 1923 44 1973 88 
csg562-006-24 34 32 54 20 80 26 112 36 152 38 198 38 240 34 276 56 362 40 408 52 462 20 480 32 512 20 540 32 578 40 626 24 656 64 766 34 806 30 846 16 870 32 912 42 958 38 992 36 1024 36 1062 20 1090 32 1148 34 1168 36 1208 42 1258 44 1340 36 1382 30 1418 38 1464 24 1492 38 1522 42 1566 30 1606 20 1636 20 1656 22 1674 38 1716 32 1744 66 1820 56 1882 16 1904 30 1932 30 1954 36 2000 36 
